1001011001101010
0110100110010110
1100101010110011
0011011001011100
1010110010101101
0101100110101011
1110001101010110
0001110011001011
1011001100101100
0110110011010011
1101010101100110
0010101010011010
1010011001101011
0101100110010110
1111000011110000
0000111100001111
1010101010101010
0101010101010101
1100110011001100
0011001100110011
1001100110011001
0110011001100110
1111111100000000
0000000011111111
1011110000111100
0100001111000011
1100001111000011
0011110000111100
1001010110101010
0110101001010101
1101100110011001
0010011001100110
1010101101010101
0101010010101010
1110001110001110
0001110001110001
1011011011011011
0100100100100100
1100111100111100
0011000011000011
1001100110011001
0110011001100110
1111111111111111
0000000000000000
1010101010101010
0101010101010101
1100110011001100
0011001100110011
1001100110011001
0110011001100110
1111000011110000
0000111100001111
1011110000111100
0100001111000011
1100001111000011
0011110000111100
1001010110101010
0110101001010101
1101100110011001
0010011001100110
1010101101010101
0101010010101010
1110001110001110
0001110001110001
1011011011011011
0100100100100100
1100111100111100
0011000011000011
1001100110011001
0110011001100110
1111111111111111
0000000000000000
1010101010101010
0101010101010101
1100110011001100
0011001100110011
1001100110011001
0110011001100110
1111000011110000
0000111100001111
1011110000111100
0100001111000011
1100001111000011
0011110000111100
1001010110101010
0110101001010101
1101100110011001
0010011001100110
1010101101010101
0101010010101010
1110001110001110
0001110001110001
1011011011011011
0100100100100100
1100111100111100
0011000011000011 