1111101000011101
1001111110000011
0010111010111001
1101000001110110
0110010011110110
0011001110000101
0011100011010111
1011100010111111
1010101001011010
1010100010001010
0000101110010011
1110010011000101
0101110110001100
1000000101100011
1111011010011001
1100110100110000
0111110111001100
0100011101111001
1111111010011011
1101011101011100
0111010010001011
1000101010101011
0110000001111100
0101111000010010
0001110110110000
1110000111110111
1010100010101111
1111110101110000
1100111110000000
0001011000110100
0110010000010011
0100011110011100
1111110000101010
1000111111100101
0010101100000000
0011000111011111
1111100100010001
0111101110000110
1111101100001000
0101101000111111
1010011100000010
1000010000110111
1001100111011011
0110011010000111
1000110100000101
1101110000111110
1001000001101111
1110010001011010
0011011001001011
0011100001111100
1100001101100010
0011001101111000
1001110000000000
0001010011111011
0111101011111000
0000101100011111
1010101010001110
1000101010000001
0100100001001011
1110111111011100
1101111001110100
1100100111101010
1100111010100110
0100111010010101
1100000111000011
0010010100111010
1010001101100111
1011101001001101
0010101110101001
0100001010001000
0100101110111101
0010110111011100
0001000010001000
0101000110011011
0101010100010101
1111010110110001
0101011101010011
1011011100101101
1000111111100101
1011111111001100
1011000001001110
1101010100001011
1101010000010110
1111101001011011
0101110000101000
1001110000001110
1111000110001001
1101110110100111
1010100000110110
1111111011101010
1111100100111111
1010000111111000
0111101110010010
1010011100100000
1110001011001100
0111001100111001
0010011110100110
0101011001110001
0100111010110110
1110000010110011
1110010100100100
0101001000000101
0101110011110101
0000111010000101
1111000110111101
1111101110001000
1010010010111010
1011101101111101
0110001011011110
1111100101000111
1101000110000100
1110000001011100
0010011010110011
1011111110111000
0101111001111110
1000000000001100
0110101100001100
0111011101001000
0001110111000111
1100101110010010
0011100001101001
1111010111111100
0111111001000011
0111010011001010
1100010010110011
0101111100101101
0001111011001100
1111110000011110
1010101100011111
1111010110111011
0110101100111000
0100101100011001
0110000111110011
1001101101001011
0100110101100010
1100000000110000
0100101010000000
0000111101110011
0100000010101011
1001111110110111
1111101110001111
0111110111100010
1111100011111000
0110000100100111
0001110010010011
1011011010011110
0101011100010110
1001010110001000
0101010101000110
1000100000100100
1100011001110011
0011111010100001
1011000100010011
0010000001011110
0100100010001111
0001100101011011
0101111111110110
0000111011011101
1010010001100010
0101010100100010
0001010011010100
0000101111001001
0101001111000100
1010100111101001
0010011000101111
1010000111010111
1000000010111100
1110001000100011
0011011100000100
1010000101011100
0101010111011010
1000100111000100
1101111011111010
0010000000011000
1000000101010110
0110000000010011
1100000001110000
1111000100110111
0000010010000110
0011001111111111
1100101110100000
0010010111001011
0100110110110111
0111000000001100
0111011011000010
0000111011011100
0010001011010101
1101100100010111
1101010001110001
1011100111010101
0001111100100011
0111011110000110
0001110000001011
1011100100000011
1111000011011100
0000011100110101
0111000010010100
0010001010110111
0111011001100011
0111000111000010
1001011001100001
1110111011100100
1110110110101000
0011110001101100
1001000000011111
0111100011010111
1101000110101011
1100000101010110
0110100011010111
1111000101001001
1110000000010111
0111101100001010
1000011001100101
0010110111100000
0000011000101110
1101100101000110
1000000100100010
0001110111001011
0100010000011110
1001100111001100
0000001110010000
1011101000000000
0100101011011100
0001001000111011
0110100101100001
0011000011101101
0000101001111000
1011001101000000
1011000101100000
1111110110000110
0011111110010110
0010010000100001
0111010110101110
1100011100101100
1001001010011000
1011011011111010
1110010000010110
0011000001101111
1110011010001011
1101111010011001
0000001010001001
1110111000011010
1110000000110000
0100110110001110
0111000101000101
1000010001101010
0011101110111110
0101111111001010
0001111000101100
0100011001111110
1001001011101110
0101110010000101
1001111100110000
1111101010011111
1100010000010100
0111110010001101
0101100101001011
0100010000101011
0011111100110000
0000101110001110
0011001001111011
0100100111101011
0001101001000000
1011100110110101
1000010111100110
1110001010001111
0101010010010000
1000010101000111
1110101000110001
0101111001010011
0111000011000111
1001101011110010
0001111100010000
0110011011101000
0101001010001100
0101001001110001
0001010011110010
0000011100100011
0000111110101100
1011000111111000
1001001001011010
0111101001001010
0100101001011011
0100011011100011
1101010001101010
0111011000111010
1001011111010100
1101000110101001
1011000001101100
1010100000010000
1101000111001100
0001000100100111
1111010111111110
1111100111010001
0000110000010110
1111011101101000
1111110111111001
0100001100110011
0011001011000101
1110110011111011
1001000000101100
1110001100011101
0111001100000000
1100101011011110
1100100100000110
1101111101111010
0100000011101010
0101110000101100
1011000001100110
0101000001111010
0110110010001000
0010111001001000
1011111101000100
1101000010000000
1011001111000011
0000111001010101
0001001000111110
0101101010011110
0001100011011000
0110010010011011
0110000100100101
0001001010001100
1000000111011111
1110101010011111
1000010111111000
0111001011110001
0100011110110011
1101011111001001
0011001000011000
0001011000111100
0001110110001010
1001000101101101
0001110011000111
1011001001111001
0110101110010110
0111110111110110
1101101101100101
0100101100010001
0101100001101111
1100010010011011
0001001010110010
1011010101000010
0000001101110000
1001010010001110
1001100110000111
1001110111000011
0110101010101010
0111101100110111
1101110110111011
0010010100000001
1111100010000000
0010001011100101
1101001011101110
0000100001000001
1010001110110011
0001000111010100
0111011001010110
0001001010000000
0011111000100010
0010110000101001
0001110011111110
1110110011000010
0101101110101110
1101100110100011
1011001010110001
0100100001010111
1111101001000110
1010101011001111
0010100010001000
1011100001011011
1100010000101000
0101110101011001
1101000011011011
0110011110101100
1001010110101011
1110011101011110
0011101000100000
1001110011100111
0010001111111101
0101101010010101
0100001101100111
1111100101011010
0111011011111010
1010001111111010
1011111010001011
0101101101111101
1100100100010110
0101010010000100
1100100011100000
0000011100010100
0111110101111010
1011110010110000
0010100101110100
0001011011101011
0011111100000101
1101001110110011
0010101111000101
0111110010010001
0011101001100110
0010000101001011
0011011101000011
0001000010001011
1001101001111111
0110011100000111
0110010001010110
0101100001110000
1010000111100000
1000011110001000
0010000100101001
1110101001111010
0011001000011011
0011001001010101
1000111100100001
0111001101010101
0001011110001110
1100010110010010
0001110001011111
0111010100001110
0010110101000110
1001000100011111
1100011110111001
1100111001110101
1001110011110110
1110000000010101
0001011000000101
0000110000110110
1011001001100100
0011010100001111
1100110000110011
0000110101010101
0110010100100001
1110110110100110
1100111000100111
1011110010011110
0011111101100100
1000101001011010
1001110011001010
0111101001001000
0110101101100100
1011100011110110
1100010010000110
1101010000100000
0011001001100011
0010110101110000
1010011011011011
0011010101010101
0010111100000001
0010010000011001
1001001100101000
1010010100111100
1101110100110111
0000101111001111
1110000001001011
0100010110101011
1110110010111100
1011110111000000
0000110000001110
1101101111100001
0011110001000111
0000011110110110
0111011001000010
0101010000010101
1110110110111011
1001001111011111
1111011011011000
0101100000011110
1000010110100000
0010101001001110
1100001001101111
0011100110011010
1011011101110010
1010010000100110
0011000000111001
1000011011010101
0101100110000010
1011010010110100
1001011011000100
0011101100001000
1111010010100110
1001011000110000
0001011000011001
0001011101011100
0000010111110000
1101011100010100
1111001110111001
1010100000111100
0110000100110000
0001110110101010
0010101101100000
0101001100110100
1110101011110101
0000101101001110
0111011011111001
0110000101111110
1100101011010110
1110001101000101
1100110001110011
0010110011010011
0010111100101011
1110101100000111
1111100111010001
1000111010110100
0001110101110101
0001001011110110
1000011001000011
0101001011000101
0111111111100000
0100100010111010
0100110010111000
0111111000111100
0111010101010000
0000011101001001
0001001010101101
1111111111010010
0000101000000001
0110001000110100
1010110110010100
0010001111010110
1111100001101101
0001011101101100
1111010101111110
0101101000111100
0100110100011110
0011001001110100
1111011111100110
0010010000001100
1001011011010110
0000110011110011
0000101110000110
0000000110100000
1011001101110010
0101100010000011
0100111001001111
0001010001101101
1110101100010000
1010010010100000
0101110010110111
1000011001110010
0011111111010001
1011110110000011
1001010110100011
0000010001001011
0011010001001011
1000011111011101
0001011001010110
1101110001010101
1001011001110001
1101000110000010
1111000010100001
0101010001111001
0111011000111011
0011110001101110
1110011111101101
1011101100110000
1011011100011001
0001110111110111
0100010011001000
1001000101000111
1011001111110101
0010110111101111
1000001111110001
0001001100100110
1110011001110010
1000010101000000
1111111111110101
1011000100010110
1000001101111101
0011010001101101
1101001000010010
0001100010010110
0101001011101100
0100101011010111
0110010001011010
0111111010001111
1001000100011100
0101000011101001
1010110100100000
0101001100100011
1110010011011010
0100110110001010
1010111101100111
0111100100101001
0110011001011110
1111011001110110
1101101011011000
1100111010100000
0101111000010011
0101110111111101
0001011011000001
1000101011111110
1110010110110111
1010010111101101
1100001010110111
0110010001111010
0100000011111101
1100110011101110
0111001110010001
1101010100000011
0011011011100100
1110100010111111
0111110111011111
1100010001010101
1000110111110000
1110110010111000
1000110001111111
1100101110000110
0100000111101001
0010101000011101
0001110001000001
0100110000100000
0111001101100011
1110101001011101
1011001010101000
0011011000011011
1111001010110001
0111001010110110
0101001010011110
1100111100110110
1000101100001111
1110101011110111
0011000101110100
0011110010101010
0000111100010010
1110011000111101
1010001001111111
0000101001000111
0100100011110111
1011110100101000
1110000001001000
1010101100111101
1011111001100111
0011011101000000
1001000111110011
0010011011011000
1111110000011100
0010100010110011
1101101100011011
1101111000110111
0000101101000001
0010001110000010
0110000110111111
1111011010101000
1000001011100111
0011100010110100
1010101100110000
1101110010011110
1111011101101000
0100111111101110
1000011001110001
0111010000000010
0000011110010110
0000010100110111
0000111111011011
1100100000001001
0111000100101111
1000000110110011
0010101110011111
1111111011111110
1011110010111110
1100000001110001
0110111010011111
0100011010000101
0010001101000111
1001110111001011
0011001100100001
1000000100000011
1101010101101010
1011110001011011
1011010101111001
1111001011011000
0011110011111110
1010011100011111
0110110001101001
0011001001101000
1010010100011101
1100100110111000
1100001010111001
1000000001101100
1110000101011011
0101010111010001
0011011100100110
1101010110001110
0101101011101101
0001110011010001
1100001011110010
0010110100011101
0000001010111001
1010111010101100
1001010001101001
0001100011011010
0001010100101111
0001000101111001
0111010000110010
0000100111001110
0111110010100110
0111010011001001
1110011100010010
0001001011110100
1111000000001111
0110100001001101
0011011000110000
0000100111110111
1011111100011110
1000111101100011
0001000001111000
0010001101111011
1101000010001001
0110001100101111
1011110011101011
0111110111001111
0111110100010111
0110100101000011
1000100010010010
0111100000011011
0101100000100111
0111011100110000
1111010011110001
1000010101100000
1000111111110111
1000111101000011
0100100110110000
1010111110110110
0010110011000000
1011001110010000
1110101010110100
0100101111001011
1111011111011011
1100110110111100
1010101010111000
1010111000000101
0101111111001110
1010110010000111
0011110101101000
1001100101111110
0011111101111001
1011010101001100
0000001011100011
0100101011000100
0110000101000101
0100000111111011
1101101110011000
1101011110000010
1100111100001101
1011110011111010
1111111101001111
0011101110100011
0110111010110010
1100010000010011
0001111111100111
1111100000010010
0011000011101000
1101010100011000
0100110110110010
1000110001010100
1011011001011001
0100101010011100
0001110101110110
1010100010010001
0001100011101101
0000010010001101
1100010100111101
1011011010101101
1101011000011010
1011011000000000
0100100111001111
1000110111101111
1001110101110001
0110100100101011
0011001100101010
1001011111000111
0101011101110111
1010100011110010
0110111000101000
1000011011100001
1001000001010110
0001010010010001
1010000111110101
0000000011010101
0101101000110001
1110101110001110
0000101100111110
0010001011111110
1111100001011010
1001001011011111
0100111000101000
1110110100001101
0011001011100011
0001100010101101
0000111111100100
0100001000110100
1011101010101011
0000000010100011
1010010001101100
0101010101101110
1100011110011101
0110010110011000
0000011000011000
0101101110000001
1000110110000010
1100110011111110
0001011100000100
1110000111000011
0101010011001110
1111010000011011
0101101001011001
0101001000011011
1101101001010111
1100001010101111
0010011011100100
1100101010100000
0101110000010011
0101100111111110
1101110000111110
0100010111110101
1010111110000111
0101100101111000
1001101001001001
0110010110101101
0101011000100001
1010111001111110
1001001011111001
1111001010000011
0000010000111111
0010011101001000
1011101110101111
1011100100111011
1111110100101110
0000010001101000
1000111110011000
0100110010010010
1001001000000111
1100101010001101
1101010000100110
0010111010010000
1000111011101101
0010000011111101
1001000100000000
0101010011111011
1111100100010101
1001110101011011
0111010111100100
1011110110011000
0010110011010101
0111011010011001
0011111111111100
1101001111010010
0001101110101101
1110110101000111
0111110010011000
0110101101010100
0100010000100111
0100001101011011
1000100001010100
0111001111010111
1100010110011110
1111000101111100
0101011010010110
0010011011110111
1101000110111011
1111010001000000
0111010000110110
0100111111100001
1100011100000010
1100010111111111
0001010100000110
0101010111011000
0100000010001110
1101101000111110
1000001010001001
0100000100100100
0011110011001110
1010001000110110
1011011001100101
0010100110010001
0010010110111010
0010000001010110
0111111000111010
1110110000011010
0010000001101000
1011110000111100
1000000100011101
1001011011001010
0100110100000101
0011010010001100
1010010101001101
1100000001011000
1010101000110000
1110111100101111
0110010110011001
1000100110100111
0010111100001110
0111010110010100
1001000010111000
1000110110110101
0001100100111001
0101100011111011
1000101001000110
1111010001000001
0100000100001110
1111100111111000
1011011111100000
0000001010110111
1110000110101010
1101010111110111
1100011101000110
1010101111011110
0011011100111000
0101001001111100
0001011110010100
0011011010100010
0100101010100000
1001101011110111
1101101110110011
0111111100011011
1001101111111000
0001100110011001
0101110100100101
1000100111111010
0010010000000101
1000001101100100
0100110111101011
1000110110001010
1000111111110101
1100101110100111
1101001100001011
1001111001100001
1000001101100000
0100010010011110
0001100001101011
1011101110100010
1010101101000111
1011000000001111
1110001111101011
1011110101010001
0010011110110001
0111100111100000
1010111110001110
0100110011000000
0111010000010011
0101100110100101
0000011000011000
1000100101101011
1111011100011011
1100001111111101
0100001001110001
1100111101111001
1110111110111011
1000001000100100
1001110110011100
1001100111110111
1001110100000000
1011000111000100
1100000000100000
1011100111101100
1100110101000000
0101100110011110
0111111010110011
0001100111101001
0110011010100011
1101110111000111
0100010101101110
0111100010100111
1001111010101011
1011111010001111
0010000110100010
1000000000110100
0101011001101000
0111011101011010
0111000011000010
0001001011110100
1110101011001101
0001011011010101
1011001110111101
1001011011011010
1011110001110100
1011110010000110
0011101111110110
1101100010000111
1111010111001001
0111011010101111
1010010011000010
1011001001100001
0010011100101101
0100111000110001
0110100011000101
1010001010111110
0001111010100001
0111101010000001
0110100110110011
0001110101101011
0010101101101110
1001110101111110
0010111101010011
1011000001001101
1000000101110010
0001110001001000
0110111010110011
0111110011001110
1101010111001100
0001100101110100
